1	949940,88983
2	880344,09752
3	792466,88361
4	741049,13556
5	733180,81471
6	725939,06317
7	626060,16342
8	626060,16342
9	514714,52777
10	514714,52777
11	462973,0118
12	436102,98003
13	436102,98003
14	425306,35803
15	416864,56379
16	416864,56379
17	414880,40294
18	357681,85619
19	312292,92994
20	312292,92994
21	312292,92994
22	312292,92994
23	312292,92994
24	261313,575304
25	261313,575304
26	261313,575304
27	261313,575304
28	259203,573564
29	259203,573564
30	259203,573564
31	259203,573564
32	259203,573564
33	259203,573564
34	259203,573564
35	259203,573564
36	259203,573564
37	259203,573564
38	259203,573564
39	259203,573564
40	236059,773453
41	236059,773453
42	231587,237033
43	223463,114913
44	223463,114913
45	215504,371658
46	215504,371658
47	215504,371658
48	188526,88899
49	188526,88899
50	188526,88899
51	188526,88899
52	188526,88899
53	160425,5111722
54	160425,5111722
55	160425,5111722
56	160425,5111722
57	156366,0988422
58	156366,0988422
59	152500,2379022
60	152500,2379022
61	152500,2379022
62	150703,9216362
63	150703,9216362
64	150703,9216362
65	140570,6658662
66	116295,214125391
67	116295,214125391
68	116295,214125391
69	116295,214125391
70	116295,214125391
71	116295,214125391
72	116295,214125391
73	116295,214125391
74	116295,214125391
75	116295,214125391
76	116295,214125391
77	116295,214125391
78	116295,214125391
79	116295,214125391
80	116295,214125391
81	116295,214125391
82	116295,214125391
83	116295,214125391
84	116295,214125391
85	116295,214125391
86	116295,214125391
87	110144,832731392
88	110144,832731392
89	110144,832731392
90	110144,832731392
91	110144,832731392
92	110144,832731392
93	110144,832731392
94	110144,832731392
95	110144,832731392
96	110144,832731392
97	110144,832731392
98	110144,832731392
99	110144,832731392
100	110144,832731392
101	110144,832731392
102	110144,832731392
103	110144,832731392
104	110144,832731392
105	110144,832731392
106	110144,832731392
107	110144,832731392
108	110144,832731392
109	110144,832731392
110	89024,4347039507
111	89024,4347039507
112	89024,4347039507
113	89024,4347039507
114	89024,4347039507
115	78470,7575239507
116	78470,7575239507
117	78470,7575239507
118	78470,7575239507
119	78470,7575239507
120	78470,7575239507
121	78470,7575239507
122	78470,7575239507
123	78470,7575239507
124	78470,7575239507
125	78470,7575239507
126	78470,7575239507
127	78470,7575239507
128	78470,7575239507
129	78470,7575239507
130	78470,7575239507
131	78470,7575239507
132	78470,7575239507
133	78470,7575239507
134	78470,7575239507
135	78470,7575239507
136	78470,7575239507
137	78470,7575239507
138	78470,7575239507
139	72562,5519539507
140	72562,5519539507
141	72562,5519539507
142	72562,5519539507
143	72562,5519539507
144	72562,5519539507
145	72562,5519539507
146	72562,5519539507
147	72562,5519539507
148	72562,5519539507
149	72562,5519539507
150	72562,5519539507
151	72562,5519539507
152	72562,5519539507
153	72562,5519539507
154	72562,5519539507
155	65142,8174009507
156	65142,8174009507
157	65142,8174009507
158	65142,8174009507
159	65142,8174009507
160	65142,8174009507
161	65142,8174009507
162	65142,8174009507
163	65142,8174009507
164	65142,8174009507
165	65142,8174009507
166	65142,8174009507
167	65142,8174009507
168	65142,8174009507
169	65142,8174009507
170	65142,8174009507
171	65142,8174009507
172	65142,8174009507
173	65142,8174009507
174	65142,8174009507
175	65142,8174009507
176	65142,8174009507
177	65142,8174009507
178	65142,8174009507
179	65142,8174009507
180	65142,8174009507
181	65142,8174009507
182	65142,8174009507
183	65142,8174009507
184	65142,8174009507
185	65142,8174009507
186	65142,8174009507
187	65142,8174009507
188	65142,8174009507
189	65142,8174009507
190	65142,8174009507
191	65142,8174009507
192	65142,8174009507
193	65142,8174009507
194	65142,8174009507
195	65142,8174009507
196	65142,8174009507
197	56885,3562409507
198	56885,3562409507
199	56885,3562409507
200	56885,3562409507
201	56885,3562409507
202	56885,3562409507
203	56885,3562409507
204	56885,3562409507
205	56885,3562409507
206	56885,3562409507
207	56885,3562409507
208	56885,3562409507
209	56885,3562409507
210	56885,3562409507
211	56885,3562409507
212	56885,3562409507
213	56885,3562409507
214	56885,3562409507
215	56885,3562409507
216	56885,3562409507
217	56885,3562409507
218	56885,3562409507
219	56885,3562409507
220	56885,3562409507
221	56885,3562409507
222	56885,3562409507
223	56885,3562409507
224	56885,3562409507
225	56885,3562409507
226	56885,3562409507
227	56885,3562409507
228	56885,3562409507
229	56885,3562409507
230	56885,3562409507
231	56885,3562409507
232	56885,3562409507
233	56885,3562409507
234	56885,3562409507
235	56885,3562409507
236	56885,3562409507
237	56885,3562409507
238	56885,3562409507
239	56885,3562409507
240	56885,3562409507
241	56885,3562409507
242	56885,3562409507
243	56885,3562409507
244	56885,3562409507
245	56885,3562409507
246	56885,3562409507
247	56885,3562409507
248	56885,3562409507
249	56885,3562409507
250	56885,3562409507
251	56885,3562409507
252	56885,3562409507
253	56885,3562409507
254	56885,3562409507
255	56885,3562409507
256	56885,3562409507
257	56885,3562409507
258	56885,3562409507
259	56885,3562409507
260	56885,3562409507
261	56885,3562409507
262	56885,3562409507
263	56885,3562409507
264	56885,3562409507
265	56885,3562409507
266	56885,3562409507
267	56885,3562409507
268	56885,3562409507
269	56536,1175809507
270	56536,1175809507
271	56536,1175809507
272	56536,1175809507
273	56536,1175809507
274	56536,1175809507
275	56536,1175809507
276	56536,1175809507
277	56536,1175809507
278	56048,2494302735
279	56048,2494302735
280	56048,2494302735
281	56048,2494302735
282	56048,2494302735
283	37730,8145874831
284	37730,8145874831
285	37730,8145874831
286	37730,8145874831
287	37518,7643634831
288	37518,7643634831
289	37518,7643634831
290	37518,7643634831
291	37518,7643634831
292	37518,7643634831
293	37518,7643634831
294	37518,7643634831
295	37518,7643634831
296	37518,7643634831
297	37518,7643634831
298	37518,7643634831
299	37518,7643634831
300	37518,7643634831
301	37518,7643634831
302	37518,7643634831
303	37518,7643634831
304	37518,7643634831
305	37518,7643634831
306	37518,7643634831
307	37518,7643634831
308	37518,7643634831
309	37518,7643634831
310	37518,7643634831
311	37518,7643634831
312	37518,7643634831
313	37518,7643634831
314	37518,7643634831
315	37518,7643634831
316	37518,7643634831
317	37518,7643634831
318	37518,7643634831
319	37518,7643634831
320	37518,7643634831
321	37518,7643634831
322	37518,7643634831
323	37518,7643634831
324	37518,7643634831
325	37518,7643634831
326	37518,7643634831
327	37518,7643634831
328	37518,7643634831
329	37518,7643634831
330	37518,7643634831
331	37518,7643634831
332	37518,7643634831
333	37518,7643634831
334	37518,7643634831
335	37518,7643634831
336	37518,7643634831
337	34656,382454869
338	34656,382454869
339	34656,382454869
340	34656,382454869
341	34656,382454869
342	34656,382454869
343	34656,382454869
344	34656,382454869
345	34656,382454869
346	34656,382454869
347	34656,382454869
348	34656,382454869
349	34656,382454869
350	34656,382454869
351	34656,382454869
352	34656,382454869
353	34656,382454869
354	34656,382454869
355	34656,382454869
356	34656,382454869
357	34656,382454869
358	34656,382454869
359	34656,382454869
360	34656,382454869
361	34656,382454869
362	34656,382454869
363	34656,382454869
364	34656,382454869
365	34656,382454869
366	34656,382454869
367	34656,382454869
368	34656,382454869
369	34656,382454869
370	34656,382454869
371	33092,755521869
372	33092,755521869
373	33092,755521869
374	33092,755521869
375	33092,755521869
376	33092,755521869
377	33092,755521869
378	33092,755521869
379	33092,755521869
380	33092,755521869
381	33092,755521869
382	33092,755521869
383	33092,755521869
384	33092,755521869
385	33092,755521869
386	33092,755521869
387	33092,755521869
388	33092,755521869
389	33092,755521869
390	33092,755521869
391	33092,755521869
392	33092,755521869
393	33092,755521869
394	33092,755521869
395	33092,755521869
396	33092,755521869
397	33092,755521869
398	33092,755521869
399	33092,755521869
400	33092,755521869
401	33092,755521869
402	28348,9790943212
403	28348,9790943212
404	28348,9790943212
405	28348,9790943212
406	28348,9790943212
407	28348,9790943212
408	28348,9790943212
409	28348,9790943212
410	28348,9790943212
411	28348,9790943212
412	28348,9790943212
413	28348,9790943212
414	28348,9790943212
415	6992,13648605771
416	6992,13648605771
417	6992,13648605771
418	6992,13648605771
419	6992,13648605771
420	6992,13648605771
421	6992,13648605771
422	6992,13648605771
423	6992,13648605771
424	6992,13648605771
425	6992,13648605771
426	6992,13648605771
427	6992,13648605771
428	6992,13648605771
429	6992,13648605771
430	3404,04253103513
431	3404,04253103513
432	3404,04253103513
433	3404,04253103513
434	3404,04253103513
435	3404,04253103513
436	3404,04253103513
437	3404,04253103513
438	3404,04253103513
439	3404,04253103513
440	3404,04253103513
441	3404,04253103513
442	3404,04253103513
443	3404,04253103513
444	3404,04253103513
445	3404,04253103513
446	3404,04253103513
447	3404,04253103513
448	3404,04253103513
449	3404,04253103513
450	3404,04253103513
451	3404,04253103513
452	3404,04253103513
453	3404,04253103513
454	3404,04253103513
455	0,206158826406
456	0,206158826406
457	0,206158826406
458	0,206158826406
459	0,206158826406
460	0,206158826406
461	0,206158826406
462	0,206158826406
463	0,206158826406
464	0,206158826406
465	0,206158826406
466	0,206158826406
467	0,206158826406
468	0,206158826406
469	0,206158826406
470	0,206158826406
471	0,206158826406
472	0,206158826406
473	0,206158826406
474	0,206158826406
475	0,206158826406
476	0,206158826406
477	0,206158826406
478	0,206158826406
479	0,206158826406
480	0,206158826406
481	0,206158826406
482	0,206158826406
483	0,206158826406
484	0,206158826406
485	0,206158826406
486	0,206158826406
487	0,206158826406
488	0,206158826406
489	0,206158826406
490	0,206158826406
491	0,206158826406
492	0,206158826406
493	0,206158826406
494	0,206158826406
495	0,206158826406
496	0,206158826406
497	0,206158826406
498	0,206158826406
499	0,206158826406
500	0,206158826406
